Fare,Age,pclass_2,pclass_3,female,Cherbourg,Queenstown,SibSp,name_length,Name,Survived,survival_prob
69.3,24.0,0,0,1,1,0,0,20,"Sagesser, Mlle. Emma",1,0.9445554419319233
78.2667,54.0,0,0,1,1,0,1,30,"Eustis, Miss. Elizabeth Mussey",1,0.836021238081496
79.65,52.0,0,0,0,0,0,1,17,"Taussig, Mr. Emil",0,0.18379081662579583
262.375,18.0,0,0,1,1,0,2,26,"Ryerson, Miss. Emily Borie",1,0.9192673632810157
26.0,27.0,1,0,0,0,0,0,27,"Sharp, Mr. Percival James R",0,0.2795420653127647
110.8833,17.0,0,0,0,1,0,0,27,"Thayer, Mr. John Borland Jr",1,0.7228834745668181
20.25,35.0,0,1,1,0,0,1,32,"Abbott, Mrs. Stanton (Rosa Hunt)",1,0.4167527185398239
153.4625,58.0,0,0,1,0,0,0,45,"Graham, Mrs. William Thompson (Edith Junkins)",1,0.8932557467119677
52.0,47.0,0,0,0,0,0,0,30,"Porter, Mr. Walter Chamberlain",0,0.4020004604306367
7.775,22.0,0,1,1,0,0,0,18,"Ohman, Miss. Velin",1,0.5170916785653584
8.1583,19.0,0,1,0,0,0,0,24,"Crease, Mr. Ernest James",0,0.11967967230852118
12.525,51.0,1,0,0,0,0,0,26,"Bateman, Rev. Robert James",0,0.12935553316327603
8.05,22.0,0,1,0,0,0,0,22,"Barton, Mr. David John",0,0.10112731718726777
37.0042,31.0,1,0,0,1,0,1,18,"Mallet, Mr. Albert",0,0.17704467112953026
15.5,32.0,0,1,1,0,1,1,29,"Bourke, Mrs. John (Catherine)",0,0.39274743616431124
8.3625,32.0,0,1,0,0,0,0,32,"Gronnestad, Mr. Daniel Danielsen",0,0.09966077966382375
10.5,17.0,1,0,1,0,0,0,19,"Ilett, Miss. Bertha",1,0.8242315908013913
56.4958,26.0,0,1,0,0,0,0,14,"Lang, Mr. Fang",1,0.06672517662045437
113.275,23.0,0,0,1,1,0,1,22,"Newell, Miss. Marjorie",1,0.9258450359482365
13.0,18.0,1,0,1,0,0,0,29,"Silven, Miss. Lyyli Karoliina",1,0.8670862328675366
8.05,22.0,0,1,0,0,0,0,21,"Gilinski, Mr. Eliezer",0,0.09782316467223519
26.0,50.0,1,0,1,0,0,0,27,"Parrish, Mrs. (Lutie Davis)",1,0.6383565685941365
211.3375,15.0,0,0,1,0,0,0,33,"Madill, Miss. Georgette Alexandra",1,0.9655316596295562
73.5,24.0,1,0,0,0,0,2,25,"Hickman, Mr. Leonard Mark",0,0.14835073855385408
7.8958,28.0,0,1,0,0,0,0,21,"Mionoff, Mr. Stoytcho",0,0.07924201761001846
15.2458,9.0,0,1,1,1,0,1,23,"Boulos, Miss. Nourelain",0,0.657015629961597
34.375,16.0,0,1,0,0,0,1,22,"Ford, Mr. William Neal",0,0.08508062276456081
7.225,15.0,0,1,1,1,0,0,32,"Najib, Miss. Adele Kiamie ""Jane""",1,0.7633072904219638
7.25,30.0,0,1,0,0,0,0,30,"Adahl, Mr. Mauritz Nils Martin",0,0.09996078570062844
81.8583,4.0,0,0,0,0,0,0,25,"Dodge, Master. Washington",1,0.7449234669307946
26.0,29.0,1,0,1,0,0,1,50,"Faunthorpe, Mrs. Lizzie (Elizabeth Anne Wilkinson)",1,0.8588916932533329
15.5,40.0,0,1,0,0,1,1,16,"Bourke, Mr. John",0,0.025980674998717704
9.5,28.0,0,1,0,0,0,0,27,"Vanden Steen, Mr. Leo Peter",0,0.09695705496967078
8.6625,21.0,0,1,0,0,0,0,16,"Pasic, Mr. Jakob",0,0.08567434025993802
90.0,44.0,0,0,0,0,1,2,27,"Minahan, Dr. William Edward",0,0.2076752434904408
26.0,36.5,1,0,0,0,0,0,40,"Navratil, Mr. Michel (""Louis M Hoffman"")",0,0.3030054759767273
39.6875,1.0,0,1,0,0,0,4,28,"Panula, Master. Eino Viljami",0,0.05549056127562699
151.55,2.0,0,0,1,0,0,1,28,"Allison, Miss. Helen Loraine",0,0.9621222988049518
146.5208,58.0,0,0,1,1,0,0,20,"Lurette, Miss. Elise",1,0.8204355046441963
7.2292,20.0,0,1,0,1,0,0,21,"Barah, Mr. Hanna Assi",1,0.13846488757036504
512.3292,36.0,0,0,0,1,0,0,34,"Cardeza, Mr. Thomas Drake Martinez",1,0.6107393045462883
31.3875,3.0,0,1,0,0,0,4,33,"Asplund, Master. Edvin Rojj Felix",1,0.06143867628899976
7.55,42.0,0,1,0,0,0,0,19,"Abbing, Mr. Anthony",0,0.04455024973025935
7.25,59.0,0,1,0,0,0,0,17,"Coxon, Mr. Daniel",0,0.022010707590023035
20.525,33.0,0,1,0,0,0,1,25,"Goldsmith, Mr. Frank John",0,0.051269793066101126
7.925,44.0,0,1,0,0,0,0,25,"Sundman, Mr. Johan Julian",1,0.05111123961384959
8.6625,20.0,0,1,0,0,0,0,19,"Oreskovic, Mr. Luka",0,0.09810496010963163
34.375,48.0,0,1,1,0,0,1,39,"Ford, Mrs. Edward (Margaret Ann Watson)",0,0.3589901529737227
73.5,21.0,1,0,0,0,0,0,20,"Hood, Mr. Ambrose Jr",0,0.2732830840378014
18.7875,11.0,0,1,0,1,0,0,24,"Hassan, Mr. Houssein G N",0,0.2023197485244488
21.0,34.0,1,0,0,0,0,1,18,"Gale, Mr. Shadrach",0,0.12270124837039068
7.925,31.0,0,1,0,0,0,0,18,"Stranden, Mr. Juho",1,0.06423088680677694
7.8958,28.0,0,1,1,0,0,0,23,"Petranec, Miss. Matilda",0,0.5054418285411163
7.8958,27.0,0,1,0,0,0,0,16,"Danoff, Mr. Yoto",0,0.06922718807516007
8.05,43.0,0,1,0,0,0,0,15,"Cook, Mr. Jacob",0,0.03726695444214885
26.55,58.0,0,0,1,0,0,0,24,"Bonnell, Miss. Elizabeth",1,0.7958948481623267
89.1042,49.0,0,0,0,1,0,1,24,"Goldenberg, Mr. Samuel L",1,0.30970665519653584
37.0042,1.0,1,0,0,1,0,0,21,"Mallet, Master. Andre",1,0.5371011832167598
7.775,25.0,0,1,0,0,0,1,25,"Petterson, Mr. Johan Emil",0,0.06857164312400675
33.5,61.0,0,0,0,0,0,0,25,"Van der hoef, Mr. Wyckoff",0,0.2461791856745903
39.0,1.0,1,0,0,0,0,2,25,"Becker, Master. Richard F",1,0.29757270525781926
211.5,27.0,0,0,0,1,0,0,25,"Widener, Mr. Harry Elkins",0,0.6203861169341739
7.8958,40.0,0,1,0,0,0,0,17,"Sivic, Mr. Husein",0,0.044687175786085095
25.9292,49.0,0,0,1,0,0,0,27,"Leader, Dr. Alice (Farnham)",1,0.8603418420195462
16.1,24.0,0,1,0,0,0,1,17,"McNamee, Mr. Neal",0,0.05385198909805424
7.8958,26.0,0,1,0,0,0,0,17,"Balkic, Mr. Cerin",0,0.07424601756584057
7.7958,24.0,0,1,0,0,0,0,18,"Svensson, Mr. Olof",0,0.08246555887377222
29.125,4.0,0,1,0,0,1,4,20,"Rice, Master. Arthur",0,0.03392459047345054
26.0,2.0,1,0,1,0,0,1,24,"Quick, Miss. Phyllis May",1,0.8683871575865386
7.7333,21.0,0,1,0,0,1,0,19,"Charters, Mr. David",0,0.08613043784416739
12.2875,2.0,0,1,1,0,0,0,24,"Hirvonen, Miss. Hildur E",1,0.7425972000029296
120.0,36.0,0,0,0,0,0,1,26,"Carter, Mr. William Ernest",1,0.36673602655909254
12.35,57.0,1,0,0,0,1,0,30,"Kirkland, Rev. Charles Leonard",0,0.10957467358567852
7.4958,24.0,0,1,0,0,0,0,17,"Coleff, Mr. Satio",0,0.07971898561989894
55.9,50.0,0,0,0,0,0,1,25,"Silvey, Mr. William Baird",0,0.24662700858497164
28.5,45.5,0,0,0,0,0,0,19,"Partner, Mr. Austen",0,0.3223273936208484
77.2875,21.0,0,0,0,0,0,0,25,"White, Mr. Richard Frasar",0,0.6028753546371522
9.475,40.0,0,1,1,0,0,1,46,"Ahlin, Mrs. Johan (Johanna Persdotter Larsson)",0,0.4971765520497121
52.5542,37.0,0,0,0,0,0,1,29,"Beckwith, Mr. Richard Leonard",1,0.38503731900146365
32.5,34.0,1,0,1,0,0,1,47,"Drew, Mrs. James Vivian (Lulu Thorne Christian)",1,0.817923181100562
7.75,29.0,0,1,0,0,1,0,24,"Daly, Mr. Eugene Patrick",1,0.0768838385541523
53.1,33.0,0,0,1,0,0,1,46,"Chambers, Mrs. Norman Campbell (Bertha Griggs)",1,0.9378212966037628
75.25,60.0,0,0,1,1,0,1,48,"Warren, Mrs. Frank Manley (Anna Sophia Atkinson)",1,0.8871654876210656
8.05,19.0,0,1,0,0,0,0,26,"Dorking, Mr. Edward Arthur",1,0.1276741640441096
14.4542,26.0,0,1,0,1,0,1,27,"Chronopoulos, Mr. Apostolos",0,0.09468785511518166
12.875,36.0,1,0,0,1,0,0,22,"Levy, Mr. Rene Jacques",0,0.23863927918350708
18.75,3.0,1,0,0,0,0,1,30,"Richards, Master. William Rowe",1,0.41812876965892193
57.9792,16.0,0,0,1,1,0,0,28,"Hippach, Miss. Jean Gertrude",1,0.9689162560307721
26.0,34.0,1,0,0,0,0,1,17,"Kantor, Mr. Sinai",0,0.11873982331149274
7.925,26.0,0,1,1,0,0,0,22,"Heikkinen, Miss. Laina",1,0.5154690309741982
7.25,22.0,0,1,0,0,0,0,18,"Dennis, Mr. Samuel",0,0.0884875317854372
7.8958,33.0,0,1,0,1,0,0,20,"Drazenoic, Mr. Jozef",0,0.08582875359106597
9.2167,16.0,0,1,0,0,0,0,19,"Osen, Mr. Olaf Elon",0,0.11259822357792962
29.125,39.0,0,1,1,0,1,0,36,"Rice, Mrs. William (Margaret Norton)",0,0.4927325894804441
77.2875,54.0,0,0,0,0,0,0,27,"White, Mr. Percival Wayland",0,0.3144136098543977
26.0,28.0,1,0,1,0,0,1,43,"Clarke, Mrs. Charles V (Ada Maria Winfield)",1,0.8301101393229892
106.425,30.0,0,0,1,1,0,0,19,"LeRoy, Miss. Bertha",1,0.9285188932977083
6.4375,34.5,0,1,0,1,0,0,26,"Lemberopolous, Mr. Peter L",0,0.09957349933749889
76.2917,32.0,0,0,1,1,0,0,21,"Bazzani, Miss. Albina",1,0.9284777200838858
26.0,44.0,1,0,1,0,0,1,45,"Carter, Mrs. Ernest Courtenay (Lilian Hughes)",0,0.7396283736493685
77.9583,63.0,0,0,1,0,0,1,33,"Andrews, Miss. Kornelia Theodosia",1,0.7458434637345959
13.0,27.0,1,0,0,0,0,0,21,"Montvila, Rev. Juozas",0,0.23741012764309294
227.525,38.0,0,0,1,1,0,0,29,"Endres, Miss. Caroline Louise",1,0.9317843427731948
113.275,58.0,0,0,0,1,0,0,26,"Newell, Mr. Arthur Webster",0,0.3413776937449862
27.9,45.0,0,1,1,0,0,1,47,"Skoog, Mrs. William (Anna Bernhardina Karlsson)",0,0.4579607812249412
7.75,70.5,0,1,0,0,1,0,20,"Connors, Mr. Patrick",0,0.014327538639872371
12.475,6.0,0,1,0,0,0,0,19,"Moor, Master. Meier",1,0.15713995796333455
26.0,46.0,1,0,0,0,0,0,23,"McKane, Mr. Peter David",0,0.13872026251603314
15.85,28.0,0,1,0,0,0,1,30,"Hakkarainen, Mr. Pekka Pietari",0,0.07305849076153101
9.0,22.0,0,1,0,0,0,0,20,"Waelens, Mr. Achille",0,0.09460852472841567
15.7417,20.0,0,1,0,1,0,1,16,"Nakid, Mr. Sahid",1,0.08072629326606427
11.2417,14.0,0,1,1,1,0,1,27,"Nicola-Yarred, Miss. Jamila",1,0.6468856908758465
7.8542,20.0,0,1,0,0,0,0,26,"Andreasson, Mr. Paul Edvin",0,0.12344825124395363
10.5,19.0,1,0,0,0,0,0,25,"Mellors, Mr. William John",1,0.3293583687787818
512.3292,35.0,0,0,0,1,0,0,22,"Lesurer, Mr. Gustave J",1,0.511566363979718
46.9,11.0,0,1,0,0,0,5,34,"Goodwin, Master. William Frederick",0,0.031735074617423774
7.775,33.0,0,1,0,0,0,0,28,"Johnson, Mr. Malkolm Joackim",0,0.08416866489890963
61.175,46.0,0,0,0,0,0,1,27,"Chaffee, Mr. Herbert Fuller",0,0.2912481651851819
51.4792,53.0,0,0,1,0,0,2,45,"Appleton, Mrs. Edward Dale (Charlotte Lamson)",1,0.8156843180829122
9.8375,22.0,0,1,1,0,0,0,27,"Strandberg, Miss. Ida Sofia",0,0.5987371878639288
18.7875,26.0,0,1,0,1,0,0,27,"Albimona, Mr. Nassef Cassem",1,0.13718955616214562
13.4167,4.0,0,1,1,1,0,0,18,"Karun, Miss. Manca",1,0.7460257648512996
77.9583,51.0,0,0,1,0,0,1,36,"Hogeboom, Mrs. John C (Anna Andrews)",1,0.8388017078059855
7.75,16.0,0,1,1,0,1,0,25,"Carr, Miss. Helen ""Ellen""",1,0.6112881361731669
20.2125,41.0,0,1,1,0,0,0,40,"Rosblom, Mrs. Viktor (Helena Wilhelmina)",0,0.5367272672879287
39.0,40.0,1,0,1,0,0,1,61,"Brown, Mrs. Thomas William Solomon (Elizabeth Catherine Ford)",1,0.8565777141448687
13.0,31.0,1,0,0,0,0,0,21,"Wilhelms, Mr. Charles",1,0.21065732693644804
12.475,27.0,0,1,1,0,0,0,18,"Moor, Mrs. (Beila)",1,0.46889987899440466
39.6875,16.0,0,1,0,0,0,4,25,"Panula, Mr. Ernesti Arvid",0,0.028671702124288566
7.2292,13.0,0,1,1,1,0,0,20,"Ayoub, Miss. Banoura",1,0.6910984232705397
23.0,54.0,1,0,1,0,0,1,37,"Hocking, Mrs. Elizabeth (Eliza Needs)",1,0.590033382181511
34.0208,47.0,0,0,0,0,0,0,28,"Walker, Mr. William Anderson",0,0.3847704912685224
21.075,2.0,0,1,0,0,0,3,30,"Palsson, Master. Gosta Leonard",0,0.0848404040222435
26.0,16.0,1,0,0,0,0,0,19,"Gaskell, Mr. Alfred",0,0.3061378171485795
7.775,19.0,0,1,0,0,0,0,27,"Gustafsson, Mr. Karl Gideon",0,0.13184198312305337
9.5,28.0,0,1,0,0,0,0,30,"Vande Walle, Mr. Nestor Cyriel",0,0.10708792609016583
12.275,33.0,1,0,0,0,0,0,22,"Hunt, Mr. George Henry",0,0.20407215085103494
20.525,9.0,0,1,0,0,0,0,47,"Goldsmith, Master. Frank John William ""Frankie""",1,0.31798939960313927
14.4542,45.0,0,1,1,1,0,0,31,"Barbara, Mrs. (Catherine David)",0,0.494526922980148
10.5,21.0,1,0,1,0,0,0,17,"Rugg, Miss. Emily",1,0.7887607516090895
53.1,37.0,0,0,0,0,0,1,27,"Futrelle, Mr. Jacques Heath",0,0.36771202148067295
23.0,18.0,1,0,1,0,0,0,19,"Doling, Miss. Elsie",1,0.8184212085814238
56.4958,32.0,0,1,0,0,0,0,13,"Bing, Mr. Lee",1,0.051854796628210416
